aft-port-forward
Polynomial fit to function a*x^2 + b*x + c:
 a: 0.000107383122287
 b: 0.0612517832279
 c: -1.549084066
