legolas_forward
Polynomial fit to function a*x^2 + b*x + c:
 a: 0.000606801877482
 b: 0.0359032126528
 c: -3.12246993841
