ellen_reverse
Polynomial fit to function a*x^2 + b*x + c:
 a: 0.000208982925127
 b: -0.0908490600628
 c: -5.69085947778
