%YAML:1.0
M: !!opencv-matrix
   rows: 3
   cols: 3
   dt: d
   data: [904.66192735,0.0,481.17596262,0.0,902.84000422,404.82437525,0.0,0.0,1.0]

D: !!opencv-matrix
   rows: 1
   cols: 5
   dt: d
   data: [0.48525658,2.02550297,0.03807578,-0.02152142,-3.30299241]

