%YAML:1.0
M: !!opencv-matrix
   rows: 3
   cols: 3
   dt: d
   data: [440.657688632,0.0,495.340871126,0.0,442.797357491,519.520626025,0.0,0.0,1.0]

D: !!opencv-matrix
   rows: 1
   cols: 5
   dt: d
   data: [-0.930140196578,1.05690467974,0.00471973183171,-0.00089178948382,-0.659023618833]

