45deg-reverse
Polynomial fit to function a*x^2 + b*x + c:
 a: 9.10633692691e-06
 b: -0.0353157594247
 c: -0.744442362997
