aft-starboard-forward
Polynomial fit to function a*x^2 + b*x + c:
 a: 0.000132308136758
 b: 0.0386715030531
 c: -0.179490141139
