fore-sway-forward
Polynomial fit to function a*x^2 + b*x + c:
 a: 9.54322017717e-05
 b: 0.0598787907394
 c: -1.43274404964
