fore-starboard-forward
Polynomial fit to function a*x^2 + b*x + c:
 a: 9.11001337765e-05
 b: 0.0617718470952
 c: -1.5912042625
