aft-port-forward
Polynomial fit to function a*x^2 + b*x + c:
 a: 0.000107101441517
 b: 0.0598858452839
 c: -1.35406577651
