aft-starboard-reverse
Polynomial fit to function a*x^2 + b*x + c:
 a: 6.20194799923e-05
 b: -0.0796151225786
 c: -2.07628922299
