aft-sway-forward
Polynomial fit to function a*x^2 + b*x + c:
 a: 2.48127798376e-05
 b: 0.07021537249
 c: -1.98091033065
