aft-port-reverse
Polynomial fit to function a*x^2 + b*x + c:
 a: 3.93239675892e-05
 b: -0.0885443520427
 c: -2.03647886806
