mirrored-reverse
Polynomial fit to function a*x^2 + b*x + c:
 a: 1.90398759432e-05
 b: -0.0324629187206
 c: -0.612143833187
