fore-port-reverse
Polynomial fit to function a*x^2 + b*x + c:
 a: 5.86447695248e-05
 b: -0.0660341145484
 c: -1.79951905716
