fore-starboard-reverse
Polynomial fit to function a*x^2 + b*x + c:
 a: 9.34928451358e-05
 b: -0.0749555801033
 c: -2.1625829083
