mirrored-forward
Polynomial fit to function a*x^2 + b*x + c:
 a: 4.68247188466e-05
 b: 0.070894280946
 c: -0.908650585316
