aft-sway-reverse
Polynomial fit to function a*x^2 + b*x + c:
 a: -4.2746982168e-05
 b: -0.0905576733572
 c: -3.83091489585
