fore-sway-reverse
Polynomial fit to function a*x^2 + b*x + c:
 a: 7.96301671144e-05
 b: -0.0694321269229
 c: -1.73323754861
