45deg-forward
Polynomial fit to function a*x^2 + b*x + c:
 a: 7.42164889473e-05
 b: 0.0721350193718
 c: -1.11660032807
