aft-starboard-forward
Polynomial fit to function a*x^2 + b*x + c:
 a: 7.48038845099e-05
 b: 0.0645515777231
 c: -1.68054210759
